$ANSIBLE_VAULT;1.1;AES256
35623737666532623335623236393539366531313230343434313764646234376436313334383461
6438373038633735373737383063656235366264313133310a363331346262323933306330373437
33653164653732636661663339306366313637306437353834393131626632623138623539666235
6663376433396664640a363961663433326465366362353136343138623964356366356565323766
34353430636137663966653731613761633430333564333932326265623064313035306561623930
34643836346664383833373337313235346162373563616137353435653233636430343861663762
63363339353831313836656231353262653738393932393966356563383934316466306135616164
61356665343234343639663634656334373536326534346234643966353738663866326236396530
64663633326536363431626538626536626365653739303439386137613533643431366635393738
30376162623437613239363161333333313639613237353363383536363138646231656334343465
62656436336337373263396431303737646361633931303066303330633337313739663634363130
31663035653064613062353364313963353739613065353038613939373930396438306433663436
66346432356136656263623238313661316465623134636361343636336330343562363431306263
64303066386339386533633439643938663762643633316536366666653736346437363361643961
31343163306531333039633031663239303834623563353936363533376637393735366536323462
63396535353537373335323731643736373864666638393566633162323461353039316136333132
34393766383033333761326531303139613134626663373339323133396266623661653965396137
30623730383035363331663861343431373763393534376533356465373164633162303939313631
62356366666466343331633362623638313531656563313565386461356262383336393062353365
38633130313439336438643137393864306262653234363662313361333334623864363661326161
61633833613936303630303533316239353537376630333065633161303364386339323165616638
39633938633636323864306664653637646532396439633363663766636634653037363130613863
31303337303337613839326135646461633534373230636166356561373837386134303964333033
64353230346166353936396561666434363838393432343231633530313866343733643832366635
63383738653835383863633832373138396130393634636431626562393262333533396430643064
34643733633263386231303965376665653263313961383366393031613135626365306533373534
39616465323866626532636439643965623664376365366563663262366466373363646464363565
37343362643466303138353037356533633762356666376331363764623766373637316137643837
38626637656264343438333761356632356134333439393361363936393463623762313236323439
61633631376239323638626136633461656539393666643866623434313032373235653432363938
62336137663066383663656235346563396566333137366664663037656234303630346264356330
62326434613738323265613838303838623938643931363163633731346533303431626537656533
38313131316266643135336335373032336265346131653734316663643134613933383532353135
34316331303631343366626333396361653937366665316536323133623132303163343632353430
62613630306337343235306266396539636337653662306637633335383165626337343832343964
37616466626361366563613437326635656463633235306235653039356133656265626635333561
32326164383131633636343232373834663062326338373234303566323866636339303439376139
32386234363335303931636362333632323661343565333765663433366337363634663661356236
34393937613235383063313831346133643765306635386439323765363536376539313030303839
66356233393432656230636465373965613933646661393333333635333139633263343938666462
37343935313731316438616531623733353738353137613133376332323335653438623832346634
30633535373939313261653130353735306139636134666436303137383933333662646462646432
35386130393835313861343365323765613732373236316132636336356539306364383935306636
64653639646338643530646337653031653934373331333265333561653766623032646239343864
36613639326664303230623230376532386238363861323765626463386438303165343033643632
32386664333761393337623132363330653937303634346563366465356534663865303566353061
37666634626264343363313132353830653431663865616366396630346235616561373863373935
31646639353466363236643134343263616334653133393337636230303934303731376132333363
62353333376364363465656639396531353831336666646537663762643731313861616331366564
32363861643537333935383639633932303137353137646631396166643936393061343664313766
62303665343838323265316430353536336236653666353737383166326430623138383435656264
30316361646134646439333139333038333265343135616266626636666663373430616435653235
31366436363635386239343735616537646134383664633131376336306366396333346633613264
34626332363338336335356334666334643535303961343061366331353363343564666339616639
35626434303838646165613138663864326431363032616133393832333562636339306532353732
34363464323833613766346665616135653166376530386266666339313631316663346336363864
65656335623937653136643132313666633030326438623664636639363532313761633535626635
39343335303036666539353939363964646430656336386563643931343265653865336334343235
33376239353731616632373634306561616336383432323030653862333463346139343739663963
65393738333931323034
